148.00
150.00
160.00
170.00
180.00
186.15
190.00
199.95
200.00
210.00
220.00
230.00
231.00
231.15
233.00
233.15
238.65
240.00
248.00
250.00
260.00
270.00
273.15
274.50
275.15
278.15
279.50
280.00
283.15
287.15
287.65
288.00
288.05
288.15
289.00
289.15
289.65
290.00
290.15
291.05
291.15
292.05
293.00
293.05
293.15
293.65
293.80
294.00
294.15
294.25
295.00
295.15
296.00
296.15
296.65
296.75
297.00
297.15
297.65
297.80
297.95
298.00
298.15
298.25
299.15
299.75
299.85
300.00
300.15
300.65
301.15
303.00
303.15
307.00
307.15
307.25
308.00
308.15
309.25
310.00
310.15
313.00
315.00
318.00
318.15
320.00
320.15
323.00
323.15
324.35
328.00
330.00
331.15
333.15
334.15
337.50
338.00
338.15
340.00
343.15
347.15
348.00
348.15
349.15
350.00
351.00
351.15
352.15
353.00
353.15
357.65
359.15
360.00
363.15
370.00
372.15
373.00
373.15
380.00
384.00
386.00
386.30
388.00
390.00
400.00
403.00
403.15
405.00
407.15
410.00
420.00
430.00
440.00
450.00
460.00
470.00
480.00
490.00
500.00
510.00
520.00
530.00
540.00
550.00
560.00
570.00
580.00
590.00
600.00
610.00
620.00
630.00
640.00
650.00
660.00
670.00
680.00
690.00
700.00
710.00
720.00
730.00
740.00
750.00
760.00
770.00
780.00
790.00
800.00
810.00
820.00
830.00
840.00
850.00
860.00
870.00
880.00
890.00
900.00
910.00
920.00
930.00
940.00
950.00
960.00
970.00
980.00
990.00
1000.00
1010.00
1020.00
1030.00
1040.00
1050.00
1060.00
1070.00
1080.00
1090.00
1100.00
1110.00
1120.00
1130.00
1140.00
1150.00
1160.00
1170.00
1180.00
1190.00
1200.00
1210.00
1220.00
1230.00
1240.00
1250.00
1260.00
1270.00
1280.00
1290.00
1300.00
1310.00
1320.00
1330.00
1340.00
1350.00
1360.00
1370.00
1380.00
1390.00
1400.00
1410.00
1420.00
1430.00
1440.00
1450.00
1460.00
1470.00
1480.00
1490.00
